0703662680
08123456
0800000000
0707664001
037110517
076833702
0763273073
0761625400
0734237626
0739930331
0700322617
0767133107
0480760606
0736409169
0703001449
0764198030
0707866782
0737005225
0732033550
0736004135
0702611068
0739721585
07399068
0761871375
0709988554
0515711731
0705221688
0731416888
0737255206
0736496310
0709770034
0733966042
043551599
024013359
0738153316
0858175826
0732187389
0703823470
0
030013915
0700916921
0700916921
0700916921
022323368
0704874995
090192094
041618797
0700675252
037120270
037120270
0738300290
0737835206
0704688228
0766144843
0935500144
0735755576
0737626774
0704368922
0704606668
025021353
025041507
0722099105
0735819818
0763137037
073828132
021414133
0763939987
0736268733
0737269647
0722044274
0704249142
0767770475
035157617
0720333724
0739273674
0605274913
0705979546
0730857059
0709268520
0768141002
0706103947
0737623162
0705097301
0700986712
0765610731
07320033
0738383842
0735541052
07032326
0763110309
0738114468
0406117383
0735819818
0735262640
0134823710
0738060624
0707566675
0736150300
097020302
+46705533056
+46706193345
+46706564966
+46727734709
+46732407777
+46-73-531-4458
+46 763 988 104
+46768839319